10849673
10204348
10262208
10809973
60494821
61035442
61040817
61057012
61057017
61128502
61138827
61138927
61140572
61142277
61165421
61164052
61225026
61274886
61275336
61275716
61280137
60135818
61528601
61637576
61682971
61766966
61776202
61822721
61848577
61852817
61862176
61856207
61856452
61866796
61867051
61867296
61868306
61859502
61859667
61860362
61860777
61860987
61861227
61862327
61862602
61863737
61873091
61865502
61866942
61876681
61869422
61869727
61879371
61874742
61875892
61876392
61888711
61916791
61915302
61916907
61916917
61926831
61927191
61918902
61938222
61939222
61940602
61940977
61941392
61941587
61941817
61942752
61953621
61954101
61945642
61947442
61956746
61957006
61958071
61949892
61960561
61961741
61953862
61963166
61964291
61958472
61960237
61971676
61972281
61966522
61980231
61980686
61981506
61983091
61984826
61987246
61980642
61990451
61991956
61985207
61987907
61999162
62005492
62006457
62006687
62007192
62008052
62008057
62016661
62017076
62017411
62017631
62017961
62018061
62011227
62020311
62020701
62013477
62022091
62015567
62016442
62016452
62017242
62017692
62026086
62026781
62027116
62027401
62020652
62020992
62021127
62021487
62021677
62022022
62030321
62030706
62031731
62032596
62032771
62033171
62034766
62034956
62036681
62036811
62039171
62039841
62040401
62042451
62042596
62043231
62043736
62044186
62044371
62045106
62048341
62048931
62049551
62049821
62042352
62043717