10849673
10850868
10204348
10228898
10240638
10239508
10239578
10239713
10261238
10262208
10276923
10534363
10535178
10535218
10559583
10559638
10557898
10588548
10668883
10720688
10716993
10718073
10728053
10711313
10753388
10787818
10792393
10783103
10796898
10809433
10809888
10809903
10805038
10806063
10806393
10808118
10810718
10809973
10816598
10826408
10815488
10828173
10828513
10821213
10831343
60398652
60402032
60434112
60494821
60490977
60493297
60512396
60530022
60533107
60673032
60051708
60914841
60945732
60981361
60988741
61035442
61036927
61037322
61040817
61046377
61057012
61057017
61074971
61065667
61112807
61112812
61113227
61136666
61128057
61128502
61138827
61138927
61140572
61142277
61165421
61164052
61203567
61225026
61274886
61275336
61275716
61280137
60135818
61349012
61399922
61413247
61528601
61574937
61637576
61682971
61683832
61707356
61707391
61717906
61721371
61738937
61749386
61755951
61751642
61766121
61766966
61761837
61761977
61763367
61763682
61772766
61772776
61773071
61775866
61775891
61501793
61782166
61776202
61778667
61778862
61795671
61790632
61803772
61822721
61827001
61848577
61851512
61852817
61853047
61862176
61855012
61856207
61856452
61866796
61867051
61867156
61502348
61867286
61867296
61867516
61868286
61868306
61859467
61859472
61859502
61859667
61860307
61860362
61860777
61860987
61861227
61862327
61862602
61863737
61873091
61865502
61866942
61876681
61867747
61869422
61869727
61879371
61881081
61874427
61874612
61874742
61875027
61875892
61876177
61876372
61876392
61877007
61877022
61886521
61888711
61890821
61893896
61896246
61897216
61897786
61899161
61903846
61898227
61900402
61900427
61900707
61901322
61911546
61903507
61904377
61904767
61906052
61916791
61918051
61921986
61923221
61915302
61916907
61916917
61917027
61926831
61927191
61918902
61918997
61938222
61939222
61940602
61940977
61941392
61941587
61941817
61942752
61953621
61954101
61945642
61946632
61947442
61956746
61957006
61958071
61949892
61960396
61960561
61961741
61953862
61963166
61964291
61958472
61959357
61960237
61961207
61971676
61972281
61973331
61966522
61976111
61976136
61980231
61980686
61981506
61983056
61983091
61975327
61984826
61987246
61980642
61990451
61991126
61991956
61985207
61987907
61988392
61999162
62009721
62005492
62006457
62006687
62007192
62008052
62008057
62016661
62017076
62017411
62017631
62017671
62017696
62017961
62018061
62011227
62020311
62020701
62013477
62022091
62015567
62016442
62016452
62017242
62017257
62017692
62017937
62026086
62026781
62027116
62027401
62020652
62020722
62020992
62021127
62021487
62021677
62021952
62022022
62030321
62030706
62031731
62032596
62032771
62033166
62033171
62033921
62034766
62034956
62036681
62036811
62039171
62039841
62040401
62042451
62042596
62043231
62043501
62043736
62044106
62044186
62044371
62044846
62045106
62045291
62045446
62048341
62048931
62049551
62049821
62042207
62042352
62043717